# oST version 5.0 parameters


[image]

width
640

height
480

[narrow_stereo]

camera matrix
380.606816 0.000000 324.155831
0.000000 381.898037 245.191070
0.000000 0.000000 1.000000

distortion
-0.283106 0.065023 0.000617 0.000840 0.000000

rectification
1.000000 0.000000 0.000000
0.000000 1.000000 0.000000
0.000000 0.000000 1.000000

projection
283.718109 0.000000 328.343009 0.000000
0.000000 331.393311 246.968213 0.000000
0.000000 0.000000 1.000000 0.000000
